60 -36 0
57.41828254847646 -35.24227572981035 0.24974611430711077
54.85531642872363 -34.58853611762199 0.2128085974067779
52.31110164074152 -34.0387811634349 0.17471070497664318
49.78563818453016 -33.5930108672491 0.1355125406299126
47.2789260600895 -33.25122522906457 0.09529119903062298
44.79096526741956 -33.013424248881314 0.05414103136489781
42.32175580652035 -32.879607926699336 0.01217331168876909
39.871297677391865 -32.849776262518645 -0.030484769721624724
37.4395908800341 -32.923929256339235 -0.07369181887434614
35.02663541444705 -33.10206690816109 -0.11729463736653906
32.632431280630726 -33.38418921798423 -0.16113123177954003
30.256978478585125 -33.77029618580865 -0.20503430016090368
27.90027700831026 -34.260387811634345 -0.2488350155930539
25.562326869806096 -34.854464095461324 -0.2923668963602778
23.24312806307266 -35.552525037289584 -0.33546954316945793
20.94268058810995 -36.35457063711911 -0.37799203775221984
18.66098444491797 -37.260600894949924 -0.4197958316904822
16.398039633496698 -38.27061581078202 -0.46075700393748825
14.153846153846153 -39.38461538461539 -0.4808872801953359
