-60 -36 0
-57.25463456211379 -35.83549968037502 0.038382638701730455
-54.524611122949075 -35.73066268911144 0.016638966656513224
-51.80992968250585 -35.68548902620924 -0.0053678044598004715
-49.11059024078415 -35.69997869166844 -0.027620792168316827
-46.42659279778394 -35.77413168548903 -0.05010176032901681
-43.75793735350522 -35.907948007671 -0.07279117708876436
-41.104623907948 -36.10142765821436 -0.09566828979356955
-38.4666524611123 -36.35457063711912 -0.11871121666011417
-35.844023012998086 -36.66737694438525 -0.1418970546041643
-33.23673556360537 -37.039846580012785 -0.16520200221594114
-30.644790112934153 -37.471979544001705 -0.18860149647068594
-28.068186660984445 -37.96377583635201 -0.21207036138201613
-25.506925207756236 -38.51523545706371 -0.23558296646353125
-22.961005753249523 -39.1263584061368 -0.2591133925751359
-20.43042829746431 -39.797144683571275 -0.28263560250873065
-17.9151928404006 -40.527594289367144 -0.30612361352334894
-15.41529938205839 -41.3177072235244 -0.3295516689802214
-12.930747922437675 -42.16748348604305 -0.3528944062556666
-10.461538461538462 -43.07692307692308 -0.36452600240693467
