-12 60 0
-14.428297464308546 55.39228638397614 -2.1231922241590526
-16.9196675900277 51.35052205412316 -2.2045755745536995
-19.474110377157466 47.87470701044107 -2.3033524409052983
-22.091625825697847 44.9648412529299 -2.4231004157206932
-24.77221393564884 42.62092478158961 -2.566605440588304
-27.51587470701044 40.8429575964202 -2.7339553311348994
-30.322608139782652 39.63093969742169 -2.920158071597912
-33.19241423396548 38.984871084594076 -3.1142818056225186
-36.125292989558915 38.904751757937355 2.9808299129639586
-39.121244406562965 39.390581717451525 2.8104264954355593
-42.180268484977624 40.44236096313658 2.6635271365194892
-45.3023652248029 42.06008949499254 2.5406125111115534
-48.48753462603877 44.24376731301938 2.439135790295472
-51.73577668868527 46.993394417217125 2.3555514034642755
-55.047091412742375 50.308970807585766 2.2864148634528276
-58.421478798210096 54.19049648412528 2.2287940088049374
-61.85893884508842 58.6379714468357 2.1803346568488555
-65.35947155337736 63.651395695717014 2.13919429949625
-68.92307692307692 69.23076923076923 2.1209085768231986
