-24 24 0
-21.34080994089742 25.624367759372866 0.6414286932661896
-18.988998171969452 27.380622876176165 0.7390908845990246
-16.929761010239208 29.257460719773004 0.8396634122167385
-15.148294772729821 31.243576659526504 0.9411226209857334
-13.62979577646439 33.327666064799764 1.0413276160361307
-12.359460338466025 35.49842430495587 1.1382771032368342
-11.322484775757847 37.74454674935794 1.2303259642129059
-10.50406540536297 40.054728767369085 1.3163080616575948
-9.88939854430451 42.417665728352425 1.3955536941912388
-9.463680509605572 44.82205300167102 1.4678266219289666
-9.212107618289277 47.256585956688006 1.5332203120246988
-9.11987618737874 49.70995996276649 1.5920480031179811
-9.17218253389707 52.17087038926957 1.6447474692480835
-9.354222974867383 54.62801260556034 1.6918083802339143
-9.651193827312795 57.070081981001934 1.7337217948777364
-10.048291408256416 59.485773884957425 1.7709474597198325
-10.530712034721363 61.863783686789944 1.8038936228391922
-11.08365202373075 64.19280675586258 1.8329044710068576
-11.692307692307692 66.46153846153845 1.846222430490932
