-24 48 0
-23.958235670147026 49.54528020455998 1.4852910331166915
-23.832942680588108 51.00703174941402 1.420424898787761
-23.624121031323245 52.3852546345621 1.3487144248894223
-23.33177072235244 53.67994886000427 1.2698760924344739
-22.95589175367569 54.891114425740476 1.1839206090638639
-22.49648412529299 56.01875133177072 1.0912770348022944
-21.953547837204344 57.06285957809503 0.992894389832653
-21.327082889409755 58.0234391647134 0.8902751021276923
-20.61708928190923 58.900490091625834 0.7853981633974438
-19.823567014702746 59.69401235883231 0.6805212246672147
-18.94651608779033 60.40400596633284 0.5779019369622401
-17.98593650117196 61.03047091412742 0.4795192919926061
-16.94182825484765 61.573407202216075 0.38687571773102286
-15.814191348817388 62.03281483059877 0.3009202343604297
-14.603025783081186 62.408693799275525 0.22208190190547186
-13.308331557639038 62.70104410824632 0.1503714280071397
-11.930108672490945 62.90986575751119 0.08550529367820271
-10.468357127636907 63.035158747070106 0.02702044918726572
-8.923076923076923 63.07692307692308 0
