-24 -24 0
-26.458981461751545 -23.699126358406136 2.950693259949322
-28.78329426805881 -23.249946729171107 2.875208860812726
-30.972938418921796 -22.652461112294905 2.7934545402315023
-33.02791391434051 -21.90666950777754 2.705840596863676
-34.94822075431494 -21.012571915619013 2.6131918053649277
-36.73385893884509 -19.970168335819306 2.516767654365842
-38.38482846793095 -18.779458768378433 2.4182044390751987
-39.901129341572556 -17.440443213296398 2.3193721634725972
-41.282761559769874 -15.953121670573198 2.2221712886122793
-42.529725122522905 -14.317494140208826 2.1283212517314487
-43.64202002983166 -12.533560622203282 2.0391965843981805
-44.61964628169614 -10.601321116556576 1.9557446122241136
-45.46260387811634 -8.520775623268703 1.8784860282886333
-46.17089281909226 -6.291924142339656 1.807574987732589
-46.74451310462391 -3.914766673769444 1.7428874390007978
-47.18346473471127 -1.3893032175580684 1.6841118138304585
-47.48774770935436 1.2844662262944757 1.6308268009464855
-47.657362028553166 4.106541657788192 1.582560489944655
-47.69230769230769 7.076923076923077 1.5601584302193552
