60 60 0
60.81554126998838 49.487751250905326 -1.5714447657501256
60.8105901817583 41.852356282386744 -1.6872081670650028
60.179762043191566 36.457922538017066 -1.8532271812910772
59.09812280091821 32.7305487692225 -2.062290311948039
57.72118904031644 30.15832503528271 -2.259317783274024
56.1849279855127 28.291332703330774 -2.365616890209181
54.60575749938169 26.74164444835326 -2.3454576107864544
53.080546083546366 25.183324253190197 -2.221514997654231
51.686612878377844 23.35242740853503 -2.0523835890606033
50.481727662995446 21.047000512934627 -1.893874895863043
49.504110855266845 18.127081472789374 -1.770639777752016
48.772433511807826 14.514699502353071 -1.6829449173798952
48.28581732798244 10.193875123732946 -1.6233205763112442
48.02383463790298 5.21062016688969 -1.5847590629612236
47.94650841442993 -0.3270622303625448 -1.5627244110451544
47.99431226917204 -6.249177622356155 -1.5553465370726696
48.08817045248625 -12.32374025557011 -1.563837535929256
48.129457853477774 -18.25677306862994 -1.5946087744325477
48 -23.692307692307693 -1.6220334941983152
