-48 24 0
-46.176859151928404 24.946089921159174 0.3521407703592927
-44.27018964415086 25.646707862774342 0.22482745154027414
-42.27999147666737 26.101853824845513 0.10076728486165001
-40.20626464947795 26.311527807372684 -0.016592708604323297
-38.04900916258258 26.275729810355855 -0.1248699275599546
-35.80822501598126 25.994459833795013 -0.22285837789810875
-33.48391220967398 25.467717877690173 -0.31034501551864824
-31.07607074366077 24.695503942041338 -0.38779907850277506
-28.58470061794162 23.6778180268485 -0.45607199634961015
-26.009801832516516 22.414660132111656 -0.5161716824553273
-23.351374387385466 20.90603025783081 -0.5691191071353175
-20.60941828254848 19.151928404005965 -0.6158699519395261
-17.783933518005547 17.152354570637122 -0.6572795816974725
-14.87492009375666 14.907308757724271 -0.694093585177151
-11.882378009801831 12.41679096526742 -0.7269518264097107
-8.806307266141065 9.68080119326657 -0.7563986617927014
-5.646707862774352 6.699339441721719 -0.7828952045879501
-2.403579799701687 3.4724057106328607 -0.8068315110293589
0.9230769230769231 0 -0.8179448060155703
