-24 24 0
-21.68390438981176 27.135521382757275 1.2729028815028407
-20.440934519285054 31.18389257237893 1.4477288348848956
-19.92375586913353 35.36505371459373 1.5712940461035043
-19.925659196064693 39.18915043151828 1.7001352995006767
-20.34200334382908 42.39019596145371 1.8812333544619468
-21.136706088777796 44.867375985256096 2.1585363864712317
-22.31378301992866 46.633996139281074 2.5165837461635157
-23.89393445354072 47.77407221490215 2.835621755138872
-25.89618038219722 48.4065630446029 3.038725747529107
-28.32454345839707 48.657246074643275 -3.134887687320751
-31.15978001265485 48.6382356242998 -3.0781398693622712
-34.356159106109146 48.43514383167949 -3.0463136041158076
-37.84328961763942 48.10188428610785 -3.0232322382714387
-41.53299536549143 47.663118347090865 -3.0006844303397737
-45.331238263410924 47.124344149850714 -2.9771037542599625
-49.155089511285965 46.48962829743553 -2.958734408964498
-52.95474882029768 45.78698023940305 -2.962436707595815
-56.74061167257946 45.101369337078225 -3.0168214234964235
-60.61538461538461 44.61538461538461 -3.0685520882866744
