-60 60 0
-59.01385041551247 58.401875133177086 -0.9438723786170727
-57.93394417217132 56.91114425740465 -0.8672151120011031
-56.76028126997655 55.52780737268271 -0.7887493572865139
-55.492861708928196 54.251864479011296 -0.7093992686240561
-54.13168548902622 53.083315576390376 -0.6301534209825931
-52.67675261027062 52.02216066481994 -0.5519926855212649
-51.128063072661405 51.06839974430002 -0.475819485680083
-49.48561687619859 50.22203281483059 -0.40240068823513614
-47.74941402088217 49.48305987641169 -0.3323321700177196
-45.91945450671213 48.85148092904326 -0.2660270941457266
-43.99573833368847 48.32729597272533 -0.20372458926608136
-41.97826550181121 47.910505007457914 -0.14551244953976586
-39.86703601108034 47.601108033241 -0.09135689691571143
-37.662049861495845 47.399105050074574 -0.041133626197546104
-35.363307053057746 47.30449605795866 0.005343732533787959
-32.97080758576604 47.31728105689324 0.04829973887533703
-30.484551459620718 47.43746004687833 0.08797844922265549
-27.904538674621783 47.665033027913914 0.12462962281087606
-25.230769230769234 48 0.14189705460416396
