-60 -60 3.141592653589793
-58.02644476095418 -57.10287438177802 4.226658756870654
-56.275483082306245 -53.786131640629385 4.3168437624672125
-54.73446454405777 -50.095528614846295 4.389707745252692
-53.390738726210365 -46.076822142720964 4.44915413147732
-52.23165520876558 -41.77576906254557 4.498192036686336
-51.24456357172496 -37.238126212612286 4.539088543420823
-50.4168133950901 -32.50965043121334 4.573542214001476
-49.735754258862585 -27.636098556640913 4.602828918829177
-49.18873574304396 -22.663227427187202 4.6279125095965155
-48.76310742763579 -17.636793881144374 4.649525261463545
-48.44621889263965 -12.602554756804645 4.6682250712472335
-48.22541971805713 -7.606266892460219 4.684435346892092
-48.08805948388978 -2.693687126403276 4.698471811755001
-48.021487770139174 2.0894277030740023 4.710558728724048
-48.01305415680689 6.697320757679411 4.720835278217245
-48.05010822389449 11.084235199120744 4.7293505311103035
-48.11999955140354 15.204414189105824 4.736041496091454
-48.21007771933562 19.012100889342467 4.740680126900928
-48.30769230769231 22.46153846153846 4.742230865051799
