0 -48 0
-3.848284679309611 -47.78095035158747 3.0876337833728087
-7.6198593650117195 -47.57724270189644 3.0906563587076334
-11.314724057106329 -47.38887705092691 3.0938080908536585
-14.932878755593437 -47.21585339867889 3.0970973721550044
-18.474323460473048 -47.05817174515236 3.1005333318667145
-21.939058171745152 -46.91583209034733 3.104125918098013
-25.32708288940976 -46.78883443426379 3.1078859908268868
-28.638397613466864 -46.67717877690176 3.1118254277513477
-31.873002343916475 -46.580865118261244 3.1159572450681154
-35.03089708075858 -46.499893458342214 3.1202957356623564
-38.11208182399318 -46.43426379714468 3.1248566276690237
-41.11655657362029 -46.38397613466866 3.1296572669471048
-44.044321329639885 -46.34903047091413 3.134716827717744
-46.89537609205199 -46.3294268058811 3.140056556487691
-49.6697208608566 -46.32516513956957 -3.1374852517277594
-52.36735563605369 -46.336245471979545 -3.131511694285656
-54.988280417643296 -46.36266780311101 -3.1251787174295256
-57.532495205625395 -46.40443213296399 -3.118453433630679
-60 -46.46153846153846 -3.1149323052151954
