-48 -24 0
-42.00085823584723 -23.920629121111013 -0.13533165681920484
-37.16308074795195 -24.579359959106892 -0.296969970447156
-33.22821931408421 -25.783503809823433 -0.45036392414119303
-29.96219158255975 -27.36264124147888 -0.5717251869067224
-27.155281072239973 -29.168622094673925 -0.645288852195481
-24.622137172531968 -31.075565482391706 -0.6666283010488554
-22.201775143388538 -32.97985978999783 -0.6401288588864679
-19.757576115308176 -34.800162675240365 -0.5763889860753866
-17.17728708933504 -36.477401068249826 -0.49044623974762885
-14.373020937058968 -37.974771171539146 -0.39884430585089864
-11.281256400615518 -39.27773846000379 -0.31563707349631265
-7.86283809268593 -40.39403768092161 -0.24989634927043153
-4.102976496497119 -41.35367285395293 -0.20605136941774072
-0.011247965821675976 -42.20891727114055 -0.18586204100368536
4.378405275022091 -43.034313496909704 -0.19042897150324434
9.007675131170188 -43.92667336806808 -0.22161407561787913
13.793887637212954 -45.00507799380583 -0.2828917559363715
18.630002957195035 -46.41087775569555 -0.37959396845013826
23.384615384615383 -48.30769230769231 -0.4411794804149806
