48 48 0
48.42957596420201 45.78478585126785 -1.402010629293307
48.81142126571489 43.54400170466653 -1.4244267947771043
49.14553590453867 41.27764756019603 -1.446487103028035
49.43191988067334 38.985723417856384 -1.4681790115718285
49.67057319411891 36.66822927764756 -1.489491778376513
49.86149584487534 34.32516513956958 -1.5104164098331232
50.00468783294268 31.956531003622413 -1.5309455950855573
50.100149158320896 29.562326869806093 -1.551073629097809
50.14787982101002 27.142552738120614 -1.5707963267949023
50.14787982101001 24.69720860856595 -1.5901109305043448
50.1001491583209 22.226294481142123 -1.609016012773413
50.00468783294268 19.72981035584914 -1.6275113764526226
49.86149584487535 17.207756232686986 -1.6455979537325582
49.6705731941189 14.66013211165566 -1.6632777056059422
49.43191988067335 12.086937992755168 -1.6805535230111086
49.145535904538676 9.488173875985513 -1.6974291307014746
48.8114212657149 6.863839761346692 -1.713908994685297
48.429575964202 4.2139356488386985 -1.7299982338933657
48 1.5384615384615383 -1.7378981267260023
