-60 60 0
-54.6759675664764 57.12014534525105 -0.46732773103092473
-49.48785985846783 54.50218130025683 -0.4368579297502769
-44.43352361299583 52.14207049693271 -0.40430103442670956
-39.510805567081995 50.03577556719414 -0.36952662322359703
-34.71755245774783 48.17925914295648 -0.33240994264006346
-30.05161102201487 46.56848385613512 -0.29283750727725105
-25.51082799690468 45.19941233864546 -0.25071414030404926
-21.09305011943881 44.068007222402905 -0.20597147953971498
-16.79612412663879 43.17023113932285 -0.15857779409503675
-12.61789675552615 42.50204672132067 -0.10854869378316782
-8.556214743122451 42.05941660031177 -0.05595797581513151
-4.608924826449249 41.83830340821156 -0.0009474789538151837
-0.7738737425280728 41.834669776935414 0.056265516917289864
2.9510917716195433 42.04447833839873 0.11538498061993716
6.568124978972043 42.46369172451692 0.17603842488769922
10.079379142507875 43.08827256720535 0.2377858150625511
13.487007525205506 43.914183498379444 0.3001352029688844
16.793163390043397 44.937387149954574 0.36256405693920163
20 46.15384615384615 0.3936982239600242
