-48 24 0
-46.166451714199205 28.975203831013722 1.0333163168793005
-43.82554083909968 32.90284522300851 0.8245156970235678
-41.052900736819666 35.901353639799474 0.6102302191755006
-37.9241647694775 38.0891585452017 0.41339642227032114
-34.514966299191414 39.58468940303028 0.24970736025408133
-30.90093868807967 40.50637567710027 0.12392575178100954
-27.157715298260566 40.9726468312268 0.03403814986121498
-23.36092949185237 41.10193232922494 -0.023645244733517486
-19.58621463097335 41.01266163490979 -0.05146305337022082
-15.909204077741768 40.823264212096404 -0.04879419018791786
-12.405531194275905 40.65216952459991 -0.01055740686989403
-9.150829342694049 40.617807036235384 0.07521342299310561
-6.2207318851144535 40.8386062108179 0.230764488392284
-3.6908721836553897 41.43299651216257 0.486520847320412
-1.6368836004351377 42.519407404084475 0.8460787739159652
-0.1343994975719729 44.216268350398686 1.2244819738288557
0.7409467628158387 46.64200881492032 1.518119029054389
0.9135218186100239 49.91505826146443 1.7127600544859993
0.3076923076923077 54.15384615384615 1.7818896600176433
