60 60 0
58.80076709993609 59.21500106541659 -2.455699757340624
57.66460686128276 58.285105476241206 -2.355400839565333
56.59151928404005 57.21031323247389 -2.262433517211922
55.58150436820797 55.99062433411465 -2.1774444561339967
54.6345621137865 54.626038781163444 -2.1005192602770544
53.75069252077562 53.11655657362029 -2.0313479704551547
52.92989558917536 51.46217771148518 -1.9693823035173252
52.172171318985725 49.662902194758146 -1.9139591213900524
51.4775197102067 47.71873002343918 -1.8643853142036506
50.84594076283827 45.62966119752824 -1.8199898335844618
50.27743447688046 43.395695717025355 -1.780151723305121
49.772000852333264 41.016833581930534 -1.7443123232890907
49.32963988919668 38.493074792243775 -1.7119778820130649
48.9503515874707 35.824419347965055 -1.6827168451690893
48.63413594715534 33.010867249094396 -1.6561545328099176
48.38099296825058 30.052418495631795 -1.6319668260796243
48.19092265075645 26.949073087577247 -1.6098737733841926
48.06392499467292 23.70083102493075 -1.5896335859588797
48 20.307692307692307 -1.5801418491023864
