0 60 0
-0.2735989772000853 56.590666950777766 -1.5441676015290506
-0.18751331770722346 53.35861922011507 -1.4258927606138332
0.2582569784785853 50.30385680801192 -1.2978645341074186
1.0637119113573406 47.426379714468354 -1.1634308994007143
2.228851480929043 44.72618793948434 -1.027153750463333
3.7536756871936925 42.20328148305988 -0.8939761095639589
5.638184530151289 39.85766034519497 -0.7682084331061416
7.8823780098018315 37.689324525889624 -0.6528101804246291
10.48625612614532 35.69827402514384 -0.5492122392955681
13.449818879181757 33.8845088429576 -0.457576475525688
16.773066268911144 32.24802897933092 -0.3772301892255135
20.455998295333476 30.788834434263798 -0.3070690948671851
24.498614958448744 29.506925207756236 -0.24584403000868435
28.900916258256974 28.402301299808222 -0.19233065467164567
33.66290219475815 27.474962710419774 -0.14541332914643534
38.78457276795226 26.72490943959088 -0.10411600859935789
44.26592797783932 26.152141487321543 -0.067604392692453
50.10696782441934 25.75665885361176 -0.03517448976956107
56.30769230769231 25.53846153846154 -0.020301778859218442
