-60 -65 0
-56.14830598764117 -63.140848071596004 0.4123767053976173
-52.172171318985725 -61.401448966545914 0.3761715332335448
-48.07159599403366 -59.781802684849765 0.341124886796569
-43.846580012785004 -58.281909226507565 0.30726395102252696
-39.49712337523973 -56.90176859151929 0.2746032488432981
-35.02322608139782 -55.64138077988494 0.24314606452173054
-30.424888131259323 -54.500745791604515 0.21288592622239255
-25.702109524824206 -53.47986362667803 0.18380808050884717
-20.85489026209249 -52.57873428510548 0.15589090725529525
-15.883230343064143 -51.797357766886854 0.12910723847743313
-10.787129767739186 -51.13573407202216 0.10342555785528502
-5.566588536117624 -50.5938632005114 0.07881106874768981
-0.22160664819945453 -50.171745152354575 0.05522662715737486
5.247815896015339 -49.86937992755168 0.032633542519658054
10.841679096526741 -49.68676752610271 0.010992253626585504
16.559982953334746 -49.62390794800768 -0.009737110202027605
22.402727466439366 -49.68080119326657 -0.029594271081432925
28.369912635840606 -49.8574472618794 -0.04861843550141872
34.46153846153846 -50.15384615384616 -0.05783018274559308
