0 60 0
0.1051061491358911 57.967858064082016 -1.178273048182326
0.8664191909562954 56.12897148048045 -0.8888252547186392
2.224186077809055 54.45669361983692 -0.6801062436718113
4.11865376204201 52.92437785279308 -0.5392252166989848
6.490069196003005 51.50537754999048 -0.44571100292240606
9.27867933203988 50.17304608207072 -0.3843062601436762
12.424731122500475 48.90073681967543 -0.3453466068946782
15.868471519732633 47.66180313344623 -0.32296729883877545
19.550147476084202 46.4295983940247 -0.31368545191307384
23.41000594390301 45.17747597205244 -0.3155370539756135
27.388293875536917 43.878789238171066 -0.3275896855177843
31.425258223333742 42.506891563022194 -0.3496810115495487
35.46114593964134 41.035136317247414 -0.3822912874586591
39.43620397680756 39.43687687148833 -0.42649332532321843
43.29067928718024 37.685466596386554 -0.48393430228433887
46.9648188231072 35.75425886258369 -0.5567901508740959
50.3988695369363 33.61660704072135 -0.6475900150758838
53.53307838101539 31.245864501441115 -0.7587381467674583
56.30769230769231 28.615384615384613 -0.8217457844164691
