0 0 0
-6.211334243954487 6.562163440146701 2.291005364385206
-10.566116373470857 11.525229875720026 2.2536660175521597
-13.861295418598509 15.576254305058889 2.2342117779878756
-16.636354167999073 19.126774366691755 2.2426545841290677
-19.2291742411397 22.387021626497244 2.2772264141557574
-21.82601021723061 25.430163938507995 2.3312991804356793
-24.505572820907116 28.246578879357884 2.399468625603259
-27.27722116465577 30.78815825637236 2.478646568785824
-30.113264047984934 33.00264368930211 2.566451304807704
-32.97537031333961 34.85799326569999 2.658849302089449
-35.83508825876072 36.35677926994126 2.7483173924406774
-38.68847410728852 37.54061698588694 2.824473040897242
-41.56482953311045 38.48462457319059 2.8788822719885765
-44.529548244453274 39.28191401724824 2.912106852268011
-47.6810716232195 40.018113152791614 2.9370867531519638
-51.14195342136819 40.73591876112467 2.97559250209828
-55.04403351404001 41.38968074100325 3.0521445511739245
-59.50772070942668 41.79001735315819 -3.0923817577155353
-64.61538461538461 41.53846153846154 -2.9996955989856295
