24 -24 0
24.14233965480503 -26.44704879607927 -1.41381196752134
24.504581291284893 -28.7355636053697 -1.304002602566611
25.086724909439585 -30.865544427871292 -1.184415100933126
25.888770509269122 -32.83699126358406 -1.057492157772889
26.910718090773496 -34.649904112508 -0.9268831867105498
28.152567653952694 -36.30428297464309 -0.7969250303721284
29.614319198806726 -37.80012784998934 -0.6718291110380014
31.295972725335602 -39.13743873854677 -0.5549244944265134
33.197528233539316 -40.31621564031537 -0.448264207220208
35.31898572341785 -41.33645855529512 -0.3526529490005102
37.66034519497123 -42.198167483486046 -0.2679407613086776
40.22160664819944 -42.90134242488813 -0.19338472846105415
43.00277008310248 -43.445983379501385 -0.1279537351690618
46.00383549968037 -43.8320903473258 -0.07053639691485938
49.224802897933095 -44.059663328361395 -0.020061712399352477
52.66567227786064 -44.128702322608135 0.024442162861644082
56.32644363946302 -44.03920733006606 0.06382708645460172
60.207116982740246 -43.79117835073514 0.09882480557185636
64.3076923076923 -43.38461538461539 0.11487660541689908
