-60 -65 0
-54.009801832516516 -63.357340720221615 0.2549436236589868
-48.087790326017476 -61.81397826550181 0.24185862867895003
-42.23396548050287 -60.369912635840606 0.228377189832553
-36.44832729597273 -59.02514383123801 0.21448614237616606
-30.73087577242702 -57.77967185169402 0.2001721423665364
-25.08161090986576 -56.63349669720861 0.18542171483785602
-19.50053270828894 -55.58661836778179 0.17022131096351387
-13.987641167696573 -54.639036863413594 0.15455737516571394
-8.542936288088649 -53.790752184103994 0.13841642315841643
-3.1664180694651645 -53.041764329852974 0.1217851319098175
2.141913488173877 -52.392073300660556 0.10465044248293624
7.382058384828465 -51.84167909652675 0.08699967664937809
12.554016620498608 -51.390581717451525 0.06882066806336438
17.657788195184313 -51.038781163434905 0.050101908621288986
22.693373108885577 -50.78627743447689 0.030832710406518388
27.66077136160238 -50.633070530577456 0.011003383320549509
32.559982953334746 -50.579160451736634 -0.00939457187925488
37.39100788408267 -50.6245471979544 -0.03036825588569759
42.15384615384615 -50.769230769230774 -0.041072778590454245
